check -1810767928.8470247 -1810767928.8470247 0.0
check -1810767819.0059128 -1810767819.0059128 0.0
check -1810767771.1168904 -1810767771.1168904 0.0
check -1810767838.748287 -1810767838.748287 0.0
check -1810767397.781776 -1810767397.781776 0.0
check -1810767334.9386046 -1810767334.9386046 0.0
check -1810767285.8461392 -1810767285.8461392 0.0
check -1810767724.106397 -1810767724.106397 0.0
check -1810767004.7373796 -1810767004.7373796 0.0
check -1810766852.326324 -1810766852.326324 0.0
check -1810766870.2159417 -1810766870.2159417 0.0
check -1810766890.9698923 -1810766890.9698923 0.0
check -1810767149.187049 -1810767149.187049 0.0
check -1810766852.326324 -1810766852.326324 0.0
check -1810766855.536266 -1810766855.536266 0.0
check -1810766855.4412348 -1810766855.4412348 0.0
check -1810766818.4572592 -1810766818.4572592 0.0
check -1810766950.9090545 -1810766950.9090545 0.0
check -1810766794.8466086 -1810766794.8466086 0.0
check -1810766769.671061 -1810766769.671061 0.0
check -1810766837.0424855 -1810766837.0424855 0.0
check -1810766716.1920443 -1810766716.1920443 0.0
check -1810766855.9742656 -1810766855.9742656 0.0
check -1810766351.5852334 -1810766351.5852334 0.0
check -1810766355.8695145 -1810766355.8695145 0.0
check -1810766398.5450745 -1810766398.5450745 0.0
check -1810766351.5852334 -1810766351.5852334 0.0
check -1810766022.4595563 -1810766022.4595563 0.0
check -1810766037.0204926 -1810766037.0204926 0.0
check -1810766001.7739005 -1810766001.7739005 0.0
check -1810765872.7712073 -1810765872.7712073 0.0
check -1810766300.6610324 -1810766300.6610324 0.0
check -1810766372.5603406 -1810766372.5603406 0.0
check -1810765873.5918455 -1810765873.5918455 0.0
check -1810765575.510633 -1810765575.510633 0.0
check -1810765622.6381924 -1810765622.6381924 0.0
check -1810765472.4045448 -1810765472.4045448 0.0
check -1810765487.182406 -1810765487.182406 0.0
check -1810765484.1970055 -1810765484.1970055 0.0
check -1810765536.0832465 -1810765536.0832465 0.0
check -1810765476.4243846 -1810765476.4243846 0.0
check -1810765467.630954 -1810765467.630954 0.0
check -1810765101.9187956 -1810765101.9187956 0.0
check -1810764947.0021892 -1810764947.0021892 0.0
check -1810764947.9595578 -1810764947.9595578 0.0
check -1810764948.8110056 -1810764948.8110056 0.0
check -1810765105.769568 -1810765105.769568 0.0
check -1810764962.7883651 -1810764962.7883651 0.0
check -1810765018.8145847 -1810765018.8145847 0.0
check -1810764936.7607093 -1810764936.7607093 0.0
check -1810764888.6775792 -1810764888.6775792 0.0
check -1810764889.0951736 -1810764889.0951736 0.0
check -1810764958.1786654 -1810764958.1786654 0.0
check -1810764877.4513934 -1810764877.4513934 0.0
check -1810764810.9523695 -1810764810.9523695 0.0
check -1810764822.4323146 -1810764822.4323146 0.0
check -1810764897.3118393 -1810764897.3118393 0.0
check -1810764784.0208042 -1810764784.0208042 0.0
check -1810764848.0052948 -1810764848.0052948 0.0
check -1810764777.6764057 -1810764777.6764057 0.0
check -1810764799.3945296 -1810764799.3945296 0.0
check -1810764792.977023 -1810764792.977023 0.0
check -1810764777.6764057 -1810764777.6764057 0.0
check -1810764793.5214984 -1810764793.5214984 0.0
check -1810764861.5340004 -1810764861.5340004 0.0
check -1810764787.0789688 -1810764787.0789688 0.0
check -1810764832.4069605 -1810764832.4069605 0.0
check -1810764821.0217116 -1810764821.0217116 0.0
check -1810764787.679684 -1810764787.679684 0.0
check -1810764709.8458202 -1810764709.8458202 0.0
check -1810764708.4788961 -1810764708.4788961 0.0
check -1810764711.2324147 -1810764711.2324147 0.0
check -1810765127.013746 -1810765127.013746 0.0
check -1810764707.214272 -1810764707.214272 0.0
check -1810764696.1128838 -1810764696.1128838 0.0
check -1810764753.1219711 -1810764753.1219711 0.0
check -1810764684.0908165 -1810764684.0908165 0.0
check -1810764696.694727 -1810764696.694727 0.0
check -1810764712.0723035 -1810764712.0723035 0.0
check -1810764717.2433076 -1810764717.2433076 0.0
check -1810764959.0427551 -1810764959.0427551 0.0
check -1810764660.9056664 -1810764660.9056664 0.0
check -1810764660.9056664 -1810764660.9056664 0.0
check -1810764483.3933272 -1810764483.3933272 0.0
check -1810764482.8035262 -1810764482.8035262 0.0
check -1810764522.1380057 -1810764522.1380057 0.0
check -1810764482.8035262 -1810764482.8035262 0.0
check -1810764485.2549753 -1810764485.2549753 0.0
check -1810764473.3157086 -1810764473.3157086 0.0
check -1810764530.6175702 -1810764530.6175702 0.0
check -1810764494.0517747 -1810764494.0517747 0.0
check -1810764483.2101145 -1810764483.2101145 0.0
check -1810764482.0290208 -1810764482.0290208 0.0
check -1810764473.3157086 -1810764473.3157086 0.0
check -1810764518.563014 -1810764518.563014 0.0
check -1810764474.7094977 -1810764474.7094977 0.0
check -1810764427.2271636 -1810764427.2271636 0.0
check -1810764436.736949 -1810764436.736949 0.0
check -1810764427.01547 -1810764427.01547 0.0
check -1810764418.3034847 -1810764418.3034847 0.0
